1427.422607 1066.423706 9.834545
1663.750366 1087.010253 10.654404
1632.163818 752.988220 10.996792
1639.831054 2340.211181 10.114335
1342.209350 334.813049 20.631729
156.631195 -22.183120 1.578125
258.880859 -219.094985 1.376423
89.470581 -310.337768 1.382036
85.918449 -181.757888 1.316639
218.649353 6.280727 2.375159
251.348052 27.497579 2.276583
295.978240 -161.117675 1.383843
-2105.042236 -2412.071777 30.377593
-1969.746093 -2433.707763 30.376977
-117.941032 -322.609222 1.180587
90.836326 -307.884338 1.329576
218.895935 6.406998 3.225385
249.695480 29.394815 3.160435
-1432.244750 -305.121398 7.104703
-1885.013061 -201.350357 16.715209
159.266555 -22.515529 2.151424
102.801750 -164.745758 2.893713
89.793220 -306.496551 2.149754
636.803161 1252.226318 12.228669
259.051574 1404.526367 11.113493
1426.819946 1066.862060 10.744112
1626.711059 1072.547485 11.382751
1685.780029 678.790283 11.393362